NDESC:256,RATE:100,SIZE:64,THREADS:1={LOSE-RATE:1.0,0.91585623958762,0.8967110827176,0.89750484710324,0.91512825750024},{RX-NB-PKT:4422660.9333333,5348193.6666667,5291022.4666667,4429294.6},{RX-RATE:2.2644023978667,2.7382751573333,2.7090035029333,2.2677988352},{LAT:0.00012585433333333,0.00012556533333333,0.000124982,0.00012699033333333}
NDESC:256,RATE:100,SIZE:128,THREADS:1={RX-NB-PKT:4744162.1333333,3901263.9333333,5327032.5333333,4471912.2666667,4516592.9333333},{RX-RATE:4.8580220245333,3.9948942677333,5.4548813141333,4.5792381610667,4.6249911637333},{LAT:0.00012876,0.00012716766666667,0.000127327,0.00012914433333333,0.00012735933333333},{LOSE-RATE:0.90678481571303,0.92389208806907,0.894973772086,0.91221184413738,0.91128195997947}
