BATCH:128,CAPACITY:1024,RATE:1,SIZE:256,THREADS:3={LAT:0.00015176433333333,0.000152737,0.00014987166666667,0.000149771,0.00014791433333333},{LOSE-RATE-LAT:0.00071279081935982,0.00069427474573569,0.00069701279385981,0.00075394906614712,0.00073871454476238}
BATCH:128,CAPACITY:2048,RATE:1,SIZE:256,THREADS:3={LAT:0.00015214066666667,0.00015209133333333,0.00014863033333333,0.00015140433333333,0.00015359933333333},{LOSE-RATE-LAT:0.00067774470560034,0.00067085834411185,0.00074923832674934,0.00073977582161922,0.00088329068321125}
BATCH:128,CAPACITY:4086,RATE:1,SIZE:256,THREADS:3={LAT:0.00015368533333333,0.00015543266666667,0.00015095366666667,0.00015042366666667,0.00014979966666667},{LOSE-RATE-LAT:0.00070403260426111,0.00069758372927942,0.00074461570251605,0.0007017116035426,0.00080564397782834}
BATCH:128,CAPACITY:8192,RATE:1,SIZE:256,THREADS:3={LAT:0.00015123866666667,0.00015337333333333,0.00015521433333333,0.00015330866666667,0.00015372833333333},{LOSE-RATE-LAT:0.021377662257227,0.014314977670858,0.019114359091614,0.00076959570781521,0.0077357337202983}
