BATCH:128,CAPACITY:1024,RATE:100,SIZE:256,THREADS:3={RX-RATE:45.943598830933,47.226209757867,46.980772522667,47.152782404267,47.230395323733},{LOSE-RATE:0.2715645328757,0.24532335913744,0.2470556562151,0.23791080922871,0.24239338041701}
BATCH:128,CAPACITY:2048,RATE:100,SIZE:256,THREADS:3={RX-RATE:47.006379895467,46.987821056,47.038001698133,47.102269303467,46.929181764267},{LOSE-RATE:0.24903487454817,0.24645546284793,0.24954265806177,0.25077005805306,0.24680623123561}
BATCH:128,CAPACITY:4086,RATE:100,SIZE:256,THREADS:3={RX-RATE:46.9189095424,47.108569634133,46.838515848533,47.026958199467,46.8911865856},{LOSE-RATE:0.23723865497723,0.24862441811552,0.25599117938371,0.25150221439353,0.24807264834128}
BATCH:128,CAPACITY:8192,RATE:100,SIZE:256,THREADS:3={RX-RATE:43.84387072,44.2738028544,44.331717563733,43.795770709333,44.0684126208},{LOSE-RATE:0.32112103055116,0.31275126505973,0.30926856276988,0.31801755864863,0.31363434877093}
