BATCH:128,CAPACITY:1024,RATE:100,SIZE:256,THREADS:3={RX-NB-PKT:16962207.933333,16903699.666667,16805698.266667,16883673.933333,16880370.066667},{RX-RATE:34.738601847467,34.618776917333,34.418070050133,34.577764215467,34.570997896533},{LOSE-RATE:0.52456108746606,0.52817796524855,0.52955290696641,0.53104260783506,0.52922768773341}
BATCH:128,CAPACITY:2048,RATE:100,SIZE:256,THREADS:3={RX-NB-PKT:16733986.333333,16767856.4,16765042.533333,16712745.066667,16704430.733333},{RX-RATE:34.271204010667,34.3405699072,34.334807108267,34.227701896533,34.210674141867},{LOSE-RATE:0.52889154757192,0.53352601638489,0.53429585168816,0.53674494800136,0.53021362375247}
BATCH:128,CAPACITY:4086,RATE:100,SIZE:256,THREADS:3={RX-NB-PKT:16497709.733333,16530886.866667,16673321.2,16530285.533333,16583259.6},{RX-RATE:33.787309533867,33.855256302933,34.1469618176,33.854024772267,33.9625156608},{LOSE-RATE:0.54262408073669,0.54090998275779,0.53861444929099,0.54035210582001,0.53329401665822}
BATCH:128,CAPACITY:8192,RATE:100,SIZE:256,THREADS:3={RX-NB-PKT:15991541.933333,15630289.733333,16622513.266667,15896462.6,16604275.666667},{RX-RATE:32.750677879467,32.010833373867,34.042907170133,32.5559554048,34.005556565333},{LOSE-RATE:0.56268012580406,0.56392478298192,0.53534825661137,0.5631507178702,0.53937266187329}
