BATCH:128,CAPACITY:1024,RATE:100,SIZE:256,THREADS:3={RX-RATE:42.775699456,42.565152904533,42.671757448533,42.528766634667,43.725936366933},{LOSE-RATE:0.00030630077311522,0.00037031220191597,0.00031739734458913,0.0051073362226052,0.0050856525053913}
BATCH:128,CAPACITY:2048,RATE:100,SIZE:256,THREADS:3={RX-RATE:42.853201373867,42.729275255467,41.703776119467,43.496825378133,42.658778180267},{LOSE-RATE:0.00034742859792747,0.00034986318790908,0.00035983403963191,0.00031275580819201,0.00030421648677315}
BATCH:128,CAPACITY:4086,RATE:100,SIZE:256,THREADS:3={RX-RATE:42.5390936064,42.8173082624,38.3226519552,38.156624554667,38.4253984768},{LOSE-RATE:0.00042727465290793,0.00032171383840485,0.00037015191065182,0.00036039146495404,0.0003219801520048}
BATCH:128,CAPACITY:8192,RATE:100,SIZE:256,THREADS:3={RX-RATE:37.454528785067,49.969934472533,49.280248763733,49.384200192,50.727325969067},{LOSE-RATE:0.028820989731813,0.16071654625965,0.18228405447762,0.17672894736423,0.15849863039344}
