BATCH:128,CAPACITY:1024,RATE:100,SIZE:256,THREADS:3={RX-RATE:47.3053609984,47.4931519488,47.2147525632,47.283346500267,47.2731205632},{LOSE-RATE:0.24352239430162,0.23677777125542,0.24713275432746,0.24475435780428,0.24568695510728}
BATCH:128,CAPACITY:2048,RATE:100,SIZE:256,THREADS:3={RX-RATE:47.224180872533,47.263164416,47.187539968,47.257750186667,47.214756386133},{LOSE-RATE:0.24274220955695,0.24494831576543,0.24786889629758,0.22860833465224,0.24679946536953}
BATCH:128,CAPACITY:4086,RATE:100,SIZE:256,THREADS:3={RX-RATE:47.324182254933,47.098812416,47.126627396267,47.112840942933,47.192674167467},{LOSE-RATE:0.24037830504672,0.24729740514053,0.24728963726215,0.25045333795807,0.24727265273931}
BATCH:128,CAPACITY:8192,RATE:100,SIZE:256,THREADS:3={RX-RATE:43.9412989952,44.091543552,44.7745835008,43.7808050176,44.0339525632},{LOSE-RATE:0.31600205587238,0.31274504448924,0.29604853891444,0.32080938520302,0.31505658923552}
