LISTSorQUEUES_PER_CORE:1,RATE:100,SIZE:64={RX-RATE-PPS:2131301.0,2131660.0},{RX-RATE-MBPS:1773.2430528,1773.5415136},{LOSE-RATE:0.96102804814634,0.9610089389485},{AVG-LAT:0.0,0.0}
LISTSorQUEUES_PER_CORE:1,RATE:0.1,SIZE:64={RX-RATE-PPS:145336.0,145336.0},{RX-RATE-MBPS:120.9286144,120.9293568},{LOSE-RATE:0.0,0.0},{AVG-LAT:0.00038678317901235,0.00038871450617284}
